.Random.seed <- c(403L, 208L, 565835372L, -1231943697L, 
    -617922523L, 1564037340L, -773818702L, 1314011565L, -1291367065L, 
    395688590L, -2049531032L, 2109471595L, -1136220919L, -1229808744L, 
    -448537914L, -1075134431L, -1828748109L, -1575586270L, -1314240492L, 
    178154647L, -1738963315L, -1558370396L, -2047387254L, 2141808117L, 
    433281103L, 1548865366L, 315844096L, 1331361603L, 1679732449L, 
    -1069323184L, -1593150290L, 1042706521L, -999067541L, -470694438L, 
    -924914020L, -1241841505L, -43902219L, 2015094668L, -41097630L, 
    653638205L, 1456497847L, -357590178L, 483983000L, -642744837L, 
    -768647271L, -1406085080L, 2036662486L, -1850342063L, -1948879869L, 
    2019441554L, 2101287204L, 1836031975L, -2115107779L, 1922912948L, 
    -1780129510L, -160361883L, 1420113663L, 1249880966L, -110039792L, 
    -2034973261L, -439486895L, 706524672L, 1160745694L, 1219068201L, 
    1427746011L, -1789961238L, -14210164L, -484086577L, 84956293L, 
    1435590460L, -1507877358L, -500138739L, -715864505L, -659293138L, 
    1674797448L, -1722009461L, -1911680407L, 444337720L, -1578760474L, 
    -968695167L, 1813859859L, -1198196286L, 1109144180L, -1746234249L, 
    -1712652947L, 2121179652L, -910769878L, 522778261L, 303095087L, 
    1620076598L, -899466144L, 1437954723L, 1141532097L, -716934736L, 
    1191456974L, 195178041L, 1779880011L, 508043770L, 1572445436L, 
    -2106068673L, 1157811733L, 888065324L, -968917502L, -938023715L, 
    -1489846313L, -345564482L, 674110712L, 323879643L, -1227392711L, 
    -408535928L, 185601078L, -1334716303L, -1551258973L, -1497313294L, 
    1200923460L, 682830855L, 2144176605L, 178730708L, -421307910L, 
    -1563560635L, -1112202849L, -1919450330L, -284910672L, -1169815469L, 
    650543985L, -1612344672L, 621708862L, 908373321L, -1697827845L, 
    -432539702L, -1132762836L, 1614603567L, -1082922011L, 1486058140L, 
    1530590962L, 1712433005L, -1965625177L, 305255118L, 726081576L, 
    853417003L, -1869812151L, -706607272L, 1607537158L, 268827617L, 
    -12428941L, 2034178530L, -750412460L, -96480169L, 2028247117L, 
    -149873692L, -403973686L, -604954571L, 2081635983L, -816509034L, 
    1625412416L, 713072131L, -434617311L, -2066143472L, 515136750L, 
    -1259551591L, -1540042453L, -2137348070L, -2146524452L, -1025506593L, 
    -2104509259L, 1046370892L, -366909790L, -16478723L, -1384257801L, 
    -708628450L, -534666536L, 1080821307L, -81398823L, 482623848L, 
    2117818518L, -449767919L, -1207701565L, -1010928686L, 1625566820L, 
    993697191L, 1570640637L, 737011444L, 814821850L, -1004989147L, 
    -1540754369L, 68928454L, -720711600L, -1704387469L, -1066733423L, 
    -590999360L, 1440848542L, 546207337L, -604141925L, 1704373162L, 
    1195462604L, 1866367631L, -1355126075L, 1209254524L, 1065357010L, 
    1813465677L, -1079965945L, -935605522L, -849764408L, -64954165L, 
    950206761L, -1553868424L, -614895962L, 1998313665L, -575344301L, 
    221486594L, -1319811276L, 1319576759L, 1915999405L, 1974219204L, 
    1493897706L, 1503825493L, 283967471L, 1191407606L, -1399510752L, 
    711837411L, 1393155969L, 768207344L, 1466947726L, -1833115655L, 
    1489466763L, 446419386L, 1495912636L, -36686849L, -1235664555L, 
    882222612L, 1787838248L, -2124678598L, -1679393328L, -2124355220L, 
    -1985559628L, -1717749742L, -444140064L, -1261443124L, -1158741792L, 
    -1219053534L, 1698144552L, -930292212L, 271411004L, -1389173774L, 
    1474575088L, -1904456124L, -1869364648L, -1813385414L, 1095525872L, 
    -820734276L, -1081509612L, 2069676738L, -683830176L, 342238076L, 
    -1887848496L, 2008113442L, 408066728L, -822158452L, -1512556356L, 
    -420917454L, 820791872L, -291414860L, 1854276168L, -1724881478L, 
    -1530486256L, -1031687444L, -1065819820L, 1077731602L, 1349668256L, 
    1928004300L, 1602068064L, -609355838L, 1571817256L, 1806331820L, 
    1082245948L, -1050809998L, -949331152L, 2029636900L, -123933896L, 
    -1283555622L, -1522350192L, -1596469508L, 856828820L, 1441235010L, 
    -1895303936L, -1986919364L, 185303376L, -952119134L, -574455480L, 
    1802196748L, -2125389092L, 1098558802L, 1470284928L, -695222188L, 
    1715146728L, 2115209466L, -598676656L, -856228052L, 589941108L, 
    -1294505070L, 60835936L, 817687948L, 1177017184L, -1765156382L, 
    -877939800L, -1703136052L, 511320060L, 1499243954L, 201168368L, 
    127880132L, 532956504L, -1991452294L, -812579920L, -1567610436L, 
    -1230137260L, 1712338882L, -502271968L, -410756932L, -1409600944L, 
    2049405922L, 638664808L, 712049740L, -575850244L, 952044530L, 
    -358168320L, 1370120564L, 1981197320L, 701636538L, -496324144L, 
    -528499732L, 549962132L, -363245102L, 451375456L, 1805250380L, 
    -1893402336L, -293798014L, 54783720L, 214647020L, 321188924L, 
    -1175061646L, 676224624L, 14898212L, -1145345224L, 2029055130L, 
    -1673907504L, -1357963076L, 370077332L, -748480894L, 1307355328L, 
    -1263918276L, 563764368L, 1592401442L, 468127752L, 1564441868L, 
    -1412060004L, -2143814126L, 436993920L, -849900012L, -1226921432L, 
    -780749510L, -1083799088L, 1107653740L, -889026252L, -177752430L, 
    -863794336L, 1019089740L, -1504143392L, -1636485214L, 82167720L, 
    854568332L, -477222724L, -1518040718L, -1175309072L, -648687548L, 
    321970520L, 625387066L, 1486273392L, -482035652L, 1218019092L, 
    1474143682L, 2080373472L, 1858418556L, -1529479472L, -274401118L, 
    1139346472L, 1905476876L, 1969637308L, -1797977806L, 1836992960L, 
    -1303311820L, 1090436040L, -631097158L, -1365218928L, -399445524L, 
    1109336660L, -1776136046L, 310816544L, -1086395956L, -728263200L, 
    -1671743806L, -798112728L, 1229705900L, 1516504252L, -1532065294L, 
    1904906544L, 1633440932L, -1685838152L, 1556004186L, -1923451504L, 
    336237436L, 127404308L, -1897929918L, -525575424L, -633391172L, 
    1371283280L, -775716062L, 1988762952L, 1558252044L, -186914724L, 
    -971539246L, -491308544L, 408489300L, -766428696L, -1024513030L, 
    -665911088L, 1264782636L, -1847336204L, -1138607726L, 1776866400L, 
    -749755124L, 379933408L, 212158818L, 2023217832L, -750402996L, 
    -826592900L, -787946190L, -2143481744L, -376846524L, -1943593512L, 
    926379130L, -1750766032L, 1372990140L, -1876172972L, 1655985218L, 
    -1553097312L, -1302795588L, -1841956400L, 129441122L, -1152659480L, 
    1157990348L, 250793724L, 1768243698L, -208385920L, 636183796L, 
    1535280776L, -1521363142L, -294777048L, 1901066118L, 541180851L, 
    -87973099L, 711605618L, -965951040L, 1774342697L, -908421477L, 
    2000994156L, -335534214L, 71401647L, 2018081721L, 1002114510L, 
    1069889820L, 1942006925L, 897474807L, 1900514304L, -1238110626L, 
    912576811L, 1330524717L, 942650010L, -850325928L, -1897524799L, 
    -1426768269L, -653739116L, -1586941406L, -784114377L, 432086017L, 
    1347682566L, -485309116L, 1116407925L, 608160223L, 1493669176L, 
    431351574L, 2091558691L, -945867547L, 1775522050L, -1520549008L, 
    -1048839399L, 1044339467L, -1083217924L, 787375146L, 1943693407L, 
    1513209833L, -1600036610L, 1573507308L, 937178173L, -1102591993L, 
    -857811984L, -242442354L, 1722187195L, -356656227L, 1713135946L, 
    72362344L, -1877991599L, -761996221L, 27903300L, 1603569138L, 
    1157861319L, -192384623L, -1569389290L, -1345569420L, -1234699259L, 
    1914752079L, 602267720L, 993023462L, -2001933549L, -2089513867L, 
    1702245970L, 640798880L, 1286580617L, 1040460219L, -1094638068L, 
    2106654618L, 205661967L, -2097472167L, 1042012142L, 857587324L, 
    -1057241363L, 1173877143L, -1220191648L, 245256254L, 1574648075L, 
    -1614021747L, 338196666L, -1151598856L, -416648031L, -924471213L, 
    1036163956L, -12916478L, -1315042921L, 742732641L, -235329626L, 
    -2046287452L, -10389419L, -1211699969L, -985026152L, 1334086326L, 
    -597425341L, -1912668539L, 141087522L, 743286800L, 149410745L, 
    516502635L, -2063038628L, -1608491382L, 2106829439L, 607409097L, 
    -111292322L, 832041740L, 1192721117L, 607294439L, -1173116912L, 
